69 74 61 7A 00 46 01 00 01 00 00 69 74 61 7A 00 46 01 00 06 00 01 00 04 18 01 E2 69 74 61 7A 00 46 01 00 06 00 05 00 0B 18 00 D8 69 74 61 7A 00 46 01 00 14 00 0C 00 12 1B C5 D5 A5 02 00 B4 9A E1 11 3A CF 80 6E 36 02 17 69 74 61 7A 00 46 01 00 14 00 13 00 19 1B C5 D5 A5 02 00 D0 82 E2 11 77 E4 40 1A 82 42 BA 69 74 61 7A 00 46 01 00 01 00 00 //services

69 74 61 7A 00 47 01 00 01 00 00 69 74 61 7A 00 47 01 00 07 00 02 00 03 20 2A 05 AC 69 74 61 7A 00 47 01 00 07 00 06 00 07 4E 2A 00 7B 69 74 61 7A 00 47 01 00 07 00 08 00 09 4E 2A 01 76 69 74 61 7A 00 47 01 00 07 00 0A 00 0B 02 2A 04 BB 69 74 61 7A 00 47 01 00 15 00 0D 00 0E 10 1B C5 D5 A5 02 00 FC 8F E1 11 4A CF A0 78 3E E2 AB 69 74 61 7A 00 47 01 00 15 00 10 00 11 12 1B C5 D5 A5 02 00 36 AC E1 11 4B CF 80 1B 0A 34 AA 69 74 61 7A 00 47 01 00 15 00 14 00 15 02 1B C5 D5 A5 02 00 E3 A9 E2 11 77 E4 20 55 2E A3 59 69 74 61 7A 00 47 01 00 15 00 17 00 18 02 1B C5 D5 A5 02 00 0B 84 E2 11 8B E4 80 C4 20 CD 51 69 74 61 7A 00 47 01 00 01 00 00 //char

69 74 61 7A 00 48 01 00 01 00 00 69 74 61 7A 00 48 01 00 04 00 01 28 00 D7 69 74 61 7A 00 48 01 00 04 00 02 28 03 D3 69 74 61 7A 00 48 01 00 04 00 03 2A 05 CE 69 74 61 7A 00 48 01 00 04 00 04 29 02 D1 69 74 61 7A 00 48 01 00 04 00 05 28 00 D3 69 74 61 7A 00 48 01 00 04 00 06 28 03 CF 69 74 61 7A 00 48 01 00 04 00 07 2A 00 CF 69 74 61 7A 00 48 01 00 04 00 08 28 03 CD 69 74 61 7A 00 48 01 00 04 00 09 2A 01 CC 69 74 61 7A 00 48 01 00 04 00 0A 28 03 CB 69 74 61 7A 00 48 01 00 04 00 0B 2A 04 C7 69 74 61 7A 00 48 01 00 04 00 0C 28 00 CC 69 74 61 7A 00 48 01 00 04 00 0D 28 03 C8 69 74 61 7A 00 48 01 00 12 00 0E 1B C5 D5 A5 02 00 FC 8F E1 11 4A CF A0 78 3E E2 C8 69 74 61 7A 00 48 01 00 04 00 0F 29 02 C6 69 74 61 7A 00 48 01 00 04 00 10 28 03 C5 69 74 61 7A 00 48 01 00 12 00 11 1B C5 D5 A5 02 00 36 AC E1 11 4B CF 80 1B 0A 34 CC 69 74 61 7A 00 48 01 00 04 00 12 29 02 C3 69 74 61 7A 00 48 01 00 04 00 13 28 00 C5 69 74 61 7A 00 48 01 00 04 00 14 28 03 C1 69 74 61 7A 00 48 01 00 12 00 15 1B C5 D5 A5 02 00 E3 A9 E2 11 77 E4 20 55 2E A3 6F 69 74 61 7A 00 48 01 00 04 00 16 29 04 BD 69 74 61 7A 00 48 01 00 04 00 17 28 03 BE 69 74 61 7A 00 48 01 00 12 00 18 1B C5 D5 A5 02 00 0B 84 E2 11 8B E4 80 C4 20 CD 6A 69 74 61 7A 00 48 01 00 04 00 19 29 04 BA 69 74 61 7A 00 48 01 00 01 00 00 //desc

69 74 61 7A 00 46 01 00 01 00 00 69 74 61 7A 00 46 01 00 06 00 01 00 04 18 01 E2 69 74 61 7A 00 46 01 00 06 00 05 00 0B 18 00 D8 69 74 61 7A 00 46 01 00 14 00 0C 00 12 1B C5 D5 A5 02 00 B4 9A E1 11 3A CF 80 6E 36 02 17 69 74 61 7A 00 46 01 00 14 00 13 00 19 1B C5 D5 A5 02 00 D0 82 E2 11 77 E4 40 1A 82 42 BA 

69 74 61 7A 00 47 01 00 01 00 00 69 74 61 7A 00 47 01 00 07 00 02 00 03 20 2A 05 AC 69 74 61 7A 00 47 01 00 07 00 06 00 07 4E 2A 00 7B 69 74 61 7A 00 47 01 00 07 00 08 00 09 4E 2A 01 76 69 74 61 7A 00 47 01 00 07 00 0A 00 0B 02 2A 04 BB 69 74 61 7A 00 47 01 00 15 00 0D 00 00 10 1B C5 D5 A5 02 00 FC 8F E1 11 4A CF A0 78 3E E2 B9 69 74 61 7A 00 47 01 00 15 00 10 00 00 12 1B C5 D5 A5 02 00 36 AC E1 11 4B CF 80 1B 0A 34 BB 69 74 61 7A 00 47 01 00 15 00 14 00 00 02 1B C5 D5 A5 02 00 E3 A9 E2 11 77 E4 20 55 2E A3 6E 69 74 61 7A 00 47 01 00 15 00 17 00 00 02 1B C5 D5 A5 02 00 0B 84 E2 11 8B E4 80 C4 20 CD 69 

69 74 61 7A 00 48 01 00 01 00 00 69 74 61 7A 00 48 01 00 04 00 01 28 00 D7 69 74 61 7A 00 48 01 00 04 00 02 28 03 D3 69 74 61 7A 00 48 01 00 04 00 03 2A 05 CE 69 74 61 7A 00 48 01 00 04 00 04 29 02 D1 69 74 61 7A 00 48 01 00 04 00 05 28 00 D3 69 74 61 7A 00 48 01 00 04 00 06 28 03 CF 69 74 61 7A 00 48 01 00 04 00 07 2A 00 CF 69 74 61 7A 00 48 01 00 04 00 08 28 03 CD 69 74 61 7A 00 48 01 00 04 00 09 2A 01 CC 69 74 61 7A 00 48 01 00 04 00 0A 28 03 CB 69 74 61 7A 00 48 01 00 04 00 0B 2A 04 C7 69 74 61 7A 00 48 01 00 04 00 0C 28 00 CC 69 74 61 7A 00 48 01 00 04 00 0D 28 03 C8 69 74 61 7A 00 48 01 00 12 00 0E 1B C5 D5 A5 02 00 FC 8F E1 11 4A CF A0 78 3E E2 C8 69 74 61 7A 00 48 01 00 04 00 0F 29 02 C6 69 74 61 7A 00 48 01 00 04 00 10 28 03 C5 69 74 61 7A 00 48 01 00 12 00 11 1B C5 D5 A5 02 00 36 AC E1 11 4B CF 80 1B 0A 34 CC 69 74 61 7A 00 48 01 00 04 00 12 29 02 C3 69 74 61 7A 00 48 01 00 04 00 13 28 00 C5 69 74 61 7A 00 48 01 00 04 00 14 28 03 C1 69 74 61 7A 00 48 01 00 12 00 15 1B C5 D5 A5 02 00 E3 A9 E2 11 77 E4 20 55 2E A3 6F 69 74 61 7A 00 48 01 00 04 00 16 29 04 BD 69 74 61 7A 00 48 01 00 04 00 17 28 03 BE 69 74 61 7A 00 48 01 00 12 00 18 1B C5 D5 A5 02 00 0B 84 E2 11 8B E4 80 C4 20 CD 6A 69 74 61 7A 00 48 01 00 04 00 19 29 04 BA 


69 74 61 7A 00 4A 01 00 16 AA 55 00 26 2C DC 00 19 03 69 74 61 7A 00 01 01 00 03 00 00 01 FF FA 

69 74 61 7A 00 4A 01 00 16 DC 2C 26 00 55 AA 00 19 03 69 74 61 7A 00 01 01 00 03 00 00 01 FF FA
6974637A004a0012aa5500262cdc0017016974637a00010000000

6974637a00490009aa5500262cdc001a01b8
6974637a00430007aa5500262cdc00d3

//wxh
6974637a00430007dc2c260055aa00d3

6974637a00450006dc2c260055aad3

6974637a00460006dc2c260055aad3

6974637a00470006dc2c260055aad3

6974637a00480006dc2c260055aad3

6974637a00490009dc2c260055aa001a01b8

6974637A004a0012dc2c260055aa0017016974637a000100000000


69 74 61 7A 00 46 01 00 01 00 00 69 74 61 7A 00 46 01 00 06 00 01 00 04 18 01 E2 69 74 61 7A 00 46 01 00 06 00 05 00 0B 18 00 D8 69 74 61 7A 00 46 01 00 06 00 0C 00 14 18 0A BE 69 74 61 7A 00 46 01 00 14 00 15 00 1A 00 FF 00 00 00 00 00 00 00 00 00 00 00 00 00 00 D2 

69 74 61 7A 00 46 01 00 01 00 00 69 74 61 7A 00 46 01 00 06 00 01 00 05 18 01 E1 69 74 61 7A 00 46 01 00 06 00 14 00 18 18 00 BC 69 74 61 7A 00 46 01 00 06 00 30 00 39 18 F0 8F 69 74 61 7A 00 46 01 00 06 00 48 00 4F FE E7 84 69 74 61 7A 00 46 01 00 06 00 50 00 58 18 0A 36 69 74 61 7A 00 46 01 00 14 FF 00 FF FF 6F 38 A1 38 AD 82 35 86 A0 43 13 5C 47 1E 5D 9E E7 
